['Q', 'S', 'W', 'C', 'Z', 'V', 'F', 'T']
['Q', 'R', 'B']
['B', 'Z', 'T', 'Q', 'P', 'M', 'S']
['D', 'V', 'F', 'R', 'Q', 'H']
['J', 'G', 'L', 'D', 'B', 'S', 'T', 'P']
['W', 'R', 'T', 'Z']
['H', 'Q', 'M', 'N', 'S', 'F', 'R', 'J']
['R', 'N', 'F', 'H', 'W']
['J', 'Z', 'T', 'Q', 'P', 'R', 'B']
[3, 8, 2]
[3, 1, 5]
[3, 1, 4]
[2, 7, 4]
[3, 7, 4]
[8, 5, 7]
[2, 1, 8]
[7, 3, 2]
[1, 5, 2]
[1, 6, 7]
[2, 5, 9]
[1, 9, 1]
[3, 9, 6]
[5, 6, 2]
[10, 7, 2]
[3, 8, 9]
[7, 9, 2]
[1, 1, 2]
[1, 9, 6]
[1, 4, 1]
[1, 8, 2]
[11, 4, 2]
[1, 7, 9]
[1, 4, 6]
[1, 9, 7]
[1, 1, 3]
[1, 7, 5]
[1, 4, 9]
[1, 5, 2]
[1, 3, 8]
[1, 6, 9]
[1, 8, 6]
[11, 2, 1]
[1, 6, 8]
[7, 2, 1]
[14, 2, 7]
[1, 6, 3]
[1, 8, 2]
[1, 3, 9]
[7, 7, 1]
[1, 6, 5]
[5, 7, 6]
[4, 2, 8]
[3, 6, 7]
[3, 7, 8]
[9, 1, 3]
[8, 3, 7]
[1, 3, 1]
[2, 2, 3]
[1, 6, 7]
[2, 1, 7]
[7, 1, 6]
[1, 3, 5]
[2, 5, 3]
[7, 6, 3]
[9, 7, 5]
[1, 9, 1]
[4, 8, 5]
[7, 1, 5]
[4, 7, 2]
[1, 7, 8]
[1, 6, 4]
[10, 5, 3]
[8, 5, 1]
[2, 8, 3]
[2, 8, 9]
[8, 2, 7]
[4, 9, 8]
[13, 3, 7]
[1, 5, 3]
[6, 3, 9]
[10, 1, 9]
[1, 3, 4]
[6, 9, 7]
[1, 5, 8]
[14, 7, 6]
[14, 6, 1]
[13, 1, 8]
[1, 1, 2]
[9, 8, 9]
[6, 8, 5]
[2, 4, 6]
[1, 8, 1]
[2, 2, 1]
[2, 8, 6]
[3, 1, 2]
[3, 3, 9]
[16, 9, 1]
[3, 2, 4]
[3, 7, 2]
[6, 5, 4]
[5, 7, 3]
[4, 6, 1]
[10, 2, 9]
[13, 9, 1]
[5, 7, 2]
[2, 4, 6]
[1, 9, 1]
[2, 9, 5]
[2, 6, 8]
[2, 5, 3]
[1, 8, 3]
[31, 1, 7]
[2, 1, 5]
[12, 7, 3]
[11, 3, 2]
[1, 8, 4]
[6, 4, 5]
[1, 3, 4]
[8, 3, 2]
[5, 5, 6]
[2, 6, 7]
[4, 7, 3]
[1, 6, 9]
[13, 7, 6]
[13, 2, 3]
[1, 4, 8]
[10, 2, 3]
[3, 7, 3]
[2, 2, 1]
[1, 8, 2]
[2, 4, 7]
[1, 9, 2]
[3, 7, 3]
[1, 5, 1]
[2, 5, 2]
[15, 6, 7]
[4, 1, 9]
[22, 3, 9]
[7, 3, 9]
[4, 3, 8]
[4, 9, 4]
[3, 2, 4]
[5, 7, 1]
[7, 4, 7]
[2, 8, 4]
[1, 4, 8]
[3, 1, 5]
[2, 1, 4]
[1, 2, 9]
[2, 5, 7]
[1, 5, 9]
[3, 8, 6]
[8, 7, 1]
[6, 7, 1]
[10, 1, 9]
[3, 6, 2]
[2, 1, 3]
[2, 3, 6]
[3, 7, 4]
[2, 7, 1]
[1, 2, 5]
[13, 9, 5]
[12, 9, 3]
[6, 5, 3]
[2, 9, 1]
[11, 9, 3]
[1, 4, 6]
[2, 5, 3]
[1, 1, 8]
[24, 3, 5]
[2, 9, 3]
[2, 2, 4]
[1, 9, 2]
[2, 6, 8]
[5, 3, 5]
[2, 8, 9]
[1, 9, 8]
[4, 1, 4]
[1, 9, 4]
[1, 8, 4]
[1, 8, 4]
[7, 4, 5]
[1, 1, 8]
[1, 6, 5]
[35, 5, 4]
[18, 4, 3]
[6, 4, 3]
[8, 5, 8]
[8, 8, 1]
[2, 4, 9]
[23, 3, 1]
[1, 8, 5]
[1, 9, 1]
[1, 5, 1]
[1, 9, 4]
[11, 1, 2]
[16, 4, 5]
[3, 3, 5]
[9, 2, 5]
[1, 4, 1]
[2, 2, 6]
[1, 2, 9]
[1, 6, 2]
[1, 3, 5]
[1, 3, 9]
[1, 2, 9]
[23, 1, 5]
[1, 6, 9]
[1, 9, 8]
[27, 5, 1]
[1, 9, 3]
[18, 5, 8]
[6, 5, 7]
[1, 5, 6]
[1, 9, 8]
[12, 8, 3]
[1, 1, 4]
[6, 7, 8]
[1, 6, 3]
[1, 4, 2]
[2, 1, 8]
[1, 2, 9]
[8, 3, 2]
[2, 9, 7]
[5, 2, 7]
[7, 7, 2]
[2, 8, 2]
[3, 1, 9]
[5, 1, 2]
[3, 9, 8]
[3, 8, 7]
[5, 2, 5]
[2, 7, 6]
[12, 8, 9]
[12, 1, 4]
[9, 9, 3]
[4, 5, 8]
[12, 3, 8]
[1, 7, 9]
[3, 9, 2]
[1, 4, 7]
[3, 1, 7]
[7, 4, 6]
[3, 6, 2]
[2, 7, 9]
[18, 8, 1]
[2, 4, 7]
[1, 2, 8]
[1, 8, 2]
[10, 2, 3]
[3, 9, 8]
[2, 6, 7]
[13, 3, 1]
[2, 8, 9]
[28, 1, 8]
[1, 5, 2]
[1, 4, 3]
[4, 7, 6]
[5, 6, 7]
[7, 2, 6]
[1, 9, 6]
[2, 2, 4]
[1, 9, 1]
[4, 1, 2]
[3, 2, 5]
[3, 4, 9]
[3, 5, 7]
[1, 1, 4]
[6, 7, 6]
[1, 2, 6]
[1, 4, 1]
[1, 1, 8]
[3, 9, 4]
[18, 6, 3]
[4, 3, 6]
[1, 7, 9]
[1, 6, 9]
[2, 3, 6]
[1, 9, 6]
[1, 9, 2]
[6, 6, 8]
[3, 4, 7]
[2, 7, 2]
[35, 8, 7]
[3, 3, 1]
[26, 7, 2]
[10, 3, 9]
[6, 9, 4]
[3, 1, 2]
[1, 4, 3]
[4, 4, 1]
[1, 3, 6]
[1, 8, 3]
[1, 6, 2]
[1, 3, 2]
[13, 7, 3]
[3, 1, 4]
[4, 3, 1]
[3, 1, 9]
[2, 1, 9]
[10, 2, 9]
[19, 2, 9]
[6, 3, 9]
[2, 3, 4]
[2, 2, 6]
[17, 9, 8]
[1, 2, 8]
[2, 9, 3]
[2, 6, 7]
[8, 9, 3]
[5, 4, 5]
[14, 9, 4]
[1, 2, 3]
[1, 7, 2]
[2, 9, 3]
[1, 2, 7]
[5, 5, 1]
[1, 2, 1]
[1, 3, 1]
[1, 9, 7]
[3, 7, 2]
[3, 3, 7]
[1, 2, 4]
[1, 3, 8]
[1, 2, 4]
[4, 3, 4]
[16, 8, 9]
[3, 1, 4]
[21, 4, 6]
[1, 7, 2]
[1, 8, 2]
[1, 1, 3]
[6, 6, 7]
[3, 1, 9]
[3, 7, 3]
[1, 4, 6]
[1, 4, 7]
[2, 2, 6]
[1, 8, 6]
[13, 6, 7]
[1, 2, 3]
[15, 9, 8]
[6, 6, 3]
[13, 8, 3]
[4, 9, 4]
[5, 4, 8]
[19, 3, 9]
[3, 3, 1]
[5, 8, 9]
[17, 9, 7]
[1, 1, 8]
[4, 9, 6]
[3, 3, 8]
[1, 1, 2]
[3, 3, 1]
[36, 7, 6]
[1, 1, 2]
[7, 8, 2]
[24, 6, 5]
[2, 6, 7]
[1, 3, 2]
[4, 6, 8]
[19, 5, 1]
[8, 6, 4]
[7, 2, 5]
[3, 2, 8]
[15, 1, 6]
[2, 9, 5]
[2, 7, 8]
[3, 4, 1]
[4, 5, 6]
[1, 9, 7]
[1, 8, 3]
[3, 6, 1]
[2, 4, 7]
[13, 1, 8]
[1, 3, 7]
[1, 4, 5]
[19, 8, 6]
[1, 7, 3]
[8, 5, 8]
[1, 6, 8]
[3, 5, 9]
[1, 6, 4]
[3, 4, 7]
[1, 3, 9]
[4, 7, 9]
[20, 6, 3]
[1, 8, 4]
[2, 9, 4]
[2, 9, 2]
[2, 9, 3]
[13, 6, 9]
[9, 9, 8]
[2, 6, 3]
[8, 8, 2]
[2, 7, 3]
[5, 9, 3]
[12, 3, 5]
[1, 4, 7]
[8, 2, 4]
[8, 4, 7]
[2, 2, 6]
[2, 8, 9]
[2, 6, 8]
[2, 9, 6]
[2, 6, 9]
[2, 4, 8]
[2, 9, 2]
[6, 3, 1]
[2, 2, 9]
[3, 9, 3]
[8, 7, 2]
[6, 1, 2]
[8, 3, 8]
[1, 7, 3]
[5, 3, 8]
[6, 2, 7]
[3, 7, 6]
[2, 7, 9]
[1, 7, 8]
[8, 5, 7]
[7, 2, 1]
[7, 1, 6]
[7, 7, 9]
[1, 7, 6]
[2, 3, 9]
[2, 8, 5]
[25, 8, 5]
[5, 5, 1]
[1, 6, 4]
[17, 5, 4]
[5, 5, 4]
[23, 4, 7]
[2, 5, 2]
[4, 6, 3]
[6, 3, 7]
[1, 5, 2]
[1, 1, 7]
[2, 2, 8]
[2, 2, 9]
[1, 5, 7]
[4, 1, 6]
[2, 8, 3]
[2, 9, 4]
[1, 4, 8]
[7, 9, 1]
[2, 3, 5]
[28, 7, 4]
[4, 6, 2]
[2, 6, 2]
[3, 7, 4]
[2, 5, 6]
[4, 2, 6]
[9, 6, 5]
[4, 1, 7]
[1, 6, 2]
[3, 2, 3]
[1, 8, 6]
[1, 7, 4]
[2, 3, 4]
[1, 7, 4]
[2, 1, 6]
[1, 7, 9]
[1, 7, 9]
[1, 6, 2]
[7, 5, 8]
[1, 3, 9]
[1, 5, 2]
[7, 8, 7]
[4, 4, 8]
[2, 8, 4]
[2, 2, 7]
[1, 1, 7]
[1, 5, 6]
[32, 4, 7]
[2, 6, 5]
[2, 8, 2]
[1, 2, 1]
[2, 5, 4]
[1, 2, 5]
[1, 1, 4]
[4, 4, 3]
[1, 6, 4]
[1, 5, 4]
[5, 9, 1]
[4, 3, 5]
[3, 1, 6]
[2, 9, 5]
[2, 1, 3]
[15, 7, 1]
[5, 5, 3]
[1, 5, 2]
[3, 4, 5]
[2, 5, 9]
[3, 3, 6]
[3, 3, 4]
[1, 3, 8]
[1, 9, 3]
[2, 4, 9]
[1, 5, 3]
[2, 9, 6]
[1, 8, 1]
[1, 3, 2]
[1, 4, 9]
[2, 9, 3]
[9, 1, 3]
[5, 3, 4]
[2, 1, 3]
[4, 1, 5]
[1, 2, 8]
[3, 4, 9]
BZLVHBWQF
